var data = [{
  x: [0.0 ,
  0.006135923151542565 ,
  0.01227184630308513 ,
  0.018407769454627694 ,
  0.02454369260617026 ,
  0.03067961575771282 ,
  0.03681553890925539 ,
  0.04295146206079795 ,
  0.04908738521234052 ,
  0.05522330836388308 ,
  0.06135923151542564 ,
  0.0674951546669682 ,
  0.07363107781851078 ,
  0.07976700097005335 ,
  0.0859029241215959 ,
  0.09203884727313846 ,
  0.09817477042468103 ,
  0.1043106935762236 ,
  0.11044661672776616 ,
  0.11658253987930872 ,
  0.12271846303085128 ,
  0.12885438618239387 ,
  0.1349903093339364 ,
  0.14112623248547898 ,
  0.14726215563702155 ,
  0.15339807878856412 ,
  0.1595340019401067 ,
  0.16566992509164924 ,
  0.1718058482431918 ,
  0.17794177139473438 ,
  0.18407769454627693 ,
  0.1902136176978195 ,
  0.19634954084936207 ,
  0.20248546400090464 ,
  0.2086213871524472 ,
  0.21475731030398978 ,
  0.22089323345553233 ,
  0.2270291566070749 ,
  0.23316507975861744 ,
  0.23930100291016002 ,
  0.24543692606170256 ,
  0.25157284921324513 ,
  0.25770877236478773 ,
  0.2638446955163303 ,
  0.2699806186678728 ,
  0.2761165418194154 ,
  0.28225246497095796 ,
  0.28838838812250056 ,
  0.2945243112740431 ,
  0.30066023442558565 ,
  0.30679615757712825 ,
  0.3129320807286708 ,
  0.3190680038802134 ,
  0.32520392703175593 ,
  0.3313398501832985 ,
  0.3374757733348411 ,
  0.3436116964863836 ,
  0.34974761963792617 ,
  0.35588354278946877 ,
  0.36201946594101125 ,
  0.36815538909255385 ,
  0.37429131224409645 ,
  0.380427235395639 ,
  0.3865631585471816 ,
  0.39269908169872414 ,
  0.3988350048502667 ,
  0.4049709280018093 ,
  0.4111068511533518 ,
  0.4172427743048944 ,
  0.42337869745643697 ,
  0.42951462060797957 ,
  0.43565054375952206 ,
  0.44178646691106466 ,
  0.4479223900626072 ,
  0.4540583132141498 , 
  0.46019423636569234 ,
  0.4663301595172349 ,
  0.4724660826687775 ,
  0.47860200582032003 ,
  0.48473792897186263 ,
  0.4908738521234051 ,
  0.4970097752749478 ,
  0.5031456984264903 ,
  0.5092816215780329 ,
  0.5154175447295755 ,
  0.521553467881118 ,
  0.5276893910326605 ,
  0.5338253141842031 ,
  0.5399612373357456 ,
  0.5460971604872883 ,
  0.5522330836388308 ,
  0.5583690067903734 ,
  0.5645049299419159 ,
  0.5706408530934585 ,
  0.5767767762450011 ,
  0.5829126993965437 ,
  0.5890486225480862 ,
  0.5951845456996288 ,
  0.6013204688511713 ,
  0.607456392002714 ,
  0.6135923151542565 ,
  0.619728238305799 ,
  0.6258641614573416 ,
  0.6320000846088841 ,
  0.6381360077604268 ,
  0.6442719309119693 ,
  0.6504078540635119 ,
  0.6565437772150543 ,
  0.662679700366597 ,
  0.6688156235181395 ,
  0.6749515466696822 ,
  0.6810874698212248 ,
  0.6872233929727672 ,
  0.6933593161243098 ,
  0.6994952392758523 ,
  0.705631162427395 ,
  0.7117670855789375 ,
  0.7179030087304801 ,
  0.7240389318820225 ,
  0.7301748550335652 ,
  0.7363107781851077 ,
  0.7424467013366504 ,
  0.7485826244881929 ,
  0.7547185476397354 ,
  0.760854470791278 ,
  0.7669903939428205 ,
  0.7731263170943632 ,
  0.7792622402459057 ,
  0.7853981633974483 ,
  0.7915340865489909 ,
  0.7976700097005334 ,
  0.8038059328520759 ,
  0.8099418560036186 , 
  0.8160777791551611 ,
  0.8222137023067037 ,
  0.8283496254582462 ,
  0.8344855486097889 ,
  0.8406214717613314 ,
  0.8467573949128739 ,
  0.8528933180644165 ,
  0.8590292412159591 ,
  0.8651651643675016 ,
  0.8713010875190441 ,
  0.8774370106705868 ,
  0.8835729338221293 ,
  0.8897088569736719 ,
  0.8958447801252144 ,
  0.9019807032767571 ,
  0.9081166264282996 ,
  0.9142525495798421 ,
  0.9203884727313847 ,
  0.9265243958829273 ,
  0.9326603190344698 ,
  0.9387962421860125 ,
  0.944932165337555 ,
  0.9510680884890975 ,
  0.9572040116406401 ,
  0.9633399347921826 ,
  0.9694758579437253 ,
  0.9756117810952678 ,
  0.9817477042468102 ,
  0.9878836273983529 ,
  0.9940195505498955 ,
  1.000155473701438 ,
  1.0062913968529805 ,
  1.012427320004523 ,
  1.0185632431560658 ,
  1.0246991663076084 ,
  1.030835089459151 ,
  1.0369710126106935 ,
  1.043106935762236 ,
  1.0492428589137786 ,
  1.055378782065321 ,
  1.0615147052168636 ,
  1.0676506283684062 ,
  1.0737865515199487 ,
  1.0799224746714913 ,
  1.086058397823034 ,
  1.0921943209745766 ,
  1.0983302441261191 ,
  1.1044661672776617 ,
  1.1106020904292042 ,
  1.1167380135807468 ,
  1.1228739367322893 ,
  1.1290098598838318 ,
  1.1351457830353744 ,
  1.141281706186917 ,
  1.1474176293384597 ,
  1.1535535524900022 ,
  1.1596894756415448 ,
  1.1658253987930873 ,
  1.1719613219446299 ,
  1.1780972450961724 ,
  1.184233168247715 ,
  1.1903690913992575 ,
  1.1965050145508 ,
  1.2026409377023426 ,
  1.2087768608538851 ,
  1.214912784005428 ,
  1.2210487071569704 ,
  1.227184630308513 ,
  1.2333205534600555 ,
  1.239456476611598 ,
  1.2455923997631406 ,
  1.2517283229146832 ,
  1.2578642460662257 ,
  1.2640001692177683 ,
  1.2701360923693108 ,
  1.2762720155208536 ,
  1.2824079386723959 ,
  1.2885438618239387 ,
  1.2946797849754812 ,
  1.3008157081270237 ,
  1.3069516312785663 ,
  1.3130875544301086 ,
  1.3192234775816514 ,
  1.325359400733194 , 
  1.3314953238847365 ,
  1.337631247036279 ,
  1.3437671701878218 ,
  1.3499030933393643 ,
  1.3560390164909069 ,
  1.3621749396424496 ,
  1.368310862793992 ,
  1.3744467859455345 ,
  1.380582709097077 ,
  1.3867186322486196 ,
  1.3928545554001623 ,
  1.3989904785517047 ,
  1.4051264017032472 ,
  1.41126232485479 ,
  1.4173982480063327 ,
  1.423534171157875 ,
  1.4296700943094176 ,
  1.4358060174609601 ,
  1.4419419406125027 ,
  1.448077863764045 ,
  1.4542137869155878 ,
  1.4603497100671303 ,
  1.4664856332186729 ,
  1.4726215563702154 ,
  1.4787574795217582 ,
  1.4848934026733007 ,
  1.4910293258248433 ,
  1.4971652489763858 ,
  1.5033011721279281 ,
  1.509437095279471 ,
  1.5155730184310134 ,
  1.521708941582556 ,
  1.5278448647340988 ,
  1.533980787885641 ,
  1.5401167110371838 ,
  1.5462526341887264 ,
  1.5523885573402691 ,
  1.5585244804918115 ,
  1.564660403643354 ,
  1.5707963267948966 ,
  1.576932249946439 ,
  1.5830681730979819 ,
  1.5892040962495242 ,
  1.5953400194010667 ,
  1.6014759425526093 ,
  1.6076118657041518 ,
  1.6137477888556946 ,
  1.6198837120072371 ,
  1.6260196351587797 ,
  1.6321555583103222 ,
  1.6382914814618645 ,
  1.6444274046134073 ,
  1.6505633277649499 ,
  1.6566992509164924 ,
  1.6628351740680352 ,
  1.6689710972195777 ,
  1.6751070203711202 ,
  1.6812429435226628 ,
  1.6873788666742056 ,
  1.6935147898257479 ,
  1.6996507129772904 ,
  1.705786636128833 ,
  1.7119225592803755 ,
  1.7180584824319183 ,
  1.7241944055834606 ,
  1.7303303287350031 ,
  1.736466251886546 ,
  1.7426021750380882 ,
  1.748738098189631 ,
  1.7548740213411735 , 
  1.761009944492716 ,
  1.7671458676442586 ,
  1.773281790795801 ,
  1.7794177139473437 ,
  1.7855536370988863 ,
  1.7916895602504288 ,
  1.7978254834019713 ,
  1.8039614065535141 ,
  1.8100973297050567 ,
  1.8162332528565992 ,
  1.822369176008142 ,
  1.8285050991596843 ,
  1.8346410223112268 ,
  1.8407769454627694 ,
  1.846912868614312 ,
  1.8530487917658547 ,
  1.859184714917397 ,
  1.8653206380689396 ,
  1.8714565612204823 ,
  1.877592484372025 ,
  1.8837284075235674 ,
  1.88986433067511 ,
  1.8960002538266525 ,
  1.902136176978195 ,
  1.9082721001297374 ,
  1.9144080232812801 ,
  1.9205439464328227 ,
  1.9266798695843652 ,
  1.9328157927359078 ,
  1.9389517158874505 ,
  1.945087639038993 ,
  1.9512235621905356 ,
  1.9573594853420784 ,
  1.9634954084936205 ,
  1.9696313316451632 ,
  1.9757672547967058 ,
  1.9819031779482483 ,
  1.988039101099791 ,
  1.9941750242513334 ,
  2.000310947402876 ,
  2.0064468705544187 ,
  2.012582793705961 ,
  2.018718716857504 ,
  2.024854640009046 ,
  2.030990563160589 ,
  2.0371264863121317 ,
  2.043262409463674 ,
  2.0493983326152168 ,
  2.055534255766759 ,
  2.061670178918302 , 
  2.067806102069844 ,
  2.073942025221387 ,
  2.0800779483729293 ,
  2.086213871524472 ,
  2.0923497946760143 ,
  2.098485717827557 ,
  2.1046216409791 ,
  2.110757564130642 ,
  2.116893487282185 ,
  2.1230294104337273 ,
  2.12916533358527 ,
  2.1353012567368124 ,
  2.141437179888355 ,
  2.1475731030398975 ,
  2.1537090261914402 ,
  2.1598449493429825 ,
  2.1659808724945253 , 
  2.172116795646068 ,
  2.1782527187976104 ,
  2.184388641949153 ,
  2.1905245651006955 ,
  2.1966604882522383 ,
  2.2027964114037806 ,
  2.2089323345553233 ,
  2.2150682577068657 ,
  2.2212041808584084 ,
  2.227340104009951 ,
  2.2334760271614935 ,
  2.2396119503130363 ,
  2.2457478734645786 ,
  2.2518837966161214 ,
  2.2580197197676637 ,
  2.2641556429192065 ,
  2.270291566070749 ,
  2.2764274892222915 ,
  2.282563412373834 ,
  2.2886993355253766 ,
  2.2948352586769194 ,
  2.3009711818284617 ,
  2.3071071049800045 ,
  2.313243028131547 ,
  2.3193789512830896 ,
  2.325514874434632 ,
  2.3316507975861747 ,
  2.337786720737717 ,
  2.3439226438892597 ,
  2.350058567040802 ,
  2.356194490192345 ,
  2.3623304133438876 ,
  2.36846633649543 ,
  2.3746022596469727 ,
  2.380738182798515 ,
  2.386874105950058 ,
  2.3930100291016 ,
  2.399145952253143 ,
  2.405281875404685 ,
  2.411417798556228 ,
  2.4175537217077703 ,
  2.423689644859313 ,
  2.429825568010856 ,
  2.435961491162398 ,
  2.442097414313941 ,
  2.448233337465483 ,
  2.454369260617026 ,
  2.4605051837685683 ,
  2.466641106920111 ,
  2.4727770300716534 ,
  2.478912953223196 ,
  2.4850488763747385 ,
  2.4911847995262812 ,
  2.497320722677824 ,
  2.5034566458293663 , 
  2.509592568980909 ,
  2.5157284921324514 ,
  2.521864415283994 ,
  2.5280003384355365 ,
  2.5341362615870793 ,
  2.5402721847386216 ,
  2.5464081078901644 ,
  2.552544031041707 ,
  2.5586799541932495 ,
  2.5648158773447918 ,
  2.5709518004963345 ,
  2.5770877236478773 ,
  2.5832236467994196 ,
  2.5893595699509624 ,
  2.595495493102505 ,
  2.6016314162540475 ,
  2.60776733940559 ,
  2.6139032625571326 ,
  2.6200391857086753 ,
  2.626175108860217 ,
  2.6323110320117604 ,
  2.6384469551633027 , 
  2.644582878314846 ,
  2.650718801466388 ,
  2.6568547246179306 ,
  2.662990647769473 ,
  2.6691265709210157 ,
  2.675262494072558 ,
  2.6813984172241008 ,
  2.6875343403756435 ,
  2.693670263527186 ,
  2.6998061866787286 ,
  2.7059421098302714 ,
  2.7120780329818137 ,
  2.718213956133356 ,
  2.7243498792848992 ,
  2.730485802436441 ,
  2.736621725587984 ,
  2.742757648739526 ,
  2.748893571891069 ,
  2.7550294950426113 ,
  2.761165418194154 ,
  2.767301341345697 ,
  2.773437264497239 ,
  2.779573187648782 ,
  2.7857091108003247 ,
  2.791845033951867 ,
  2.7979809571034093 ,
  2.804116880254952 ,
  2.8102528034064944 ,
  2.8163887265580367 ,
  2.82252464970958 ,
  2.8286605728611223 ,
  2.8347964960126655 ,
  2.8409324191642074 ,
  2.84706834231575 ,
  2.8532042654672924 ,
  2.859340188618835 ,
  2.8654761117703775 ,
  2.8716120349219203 ,
  2.877747958073462 ,
  2.8838838812250054 ,
  2.890019804376548 ,
  2.89615572752809 ,
  2.9022916506796332 ,
  2.9084275738311756 ,
  2.9145634969827188 ,
  2.9206994201342606 ,
  2.9268353432858034 ,
  2.9329712664373457 ,
  2.9391071895888885 ,
  2.945243112740431 ,
  2.9513790358919736 ,
  2.9575149590435164 ,
  2.9636508821950587 ,
  2.9697868053466014 ,
  2.975922728498144 ,
  2.9820586516496865 ,
  2.988194574801229 ,
  2.9943304979527716 ,
  3.000466421104314 ,
  3.0066023442558563 ,
  3.0127382674073995 ,
  3.018874190558942 ,
  3.025010113710484 ,
  3.031146036862027 ,
  3.0372819600135696 ,
  3.043417883165112 ,
  3.11091303783208 ,
  3.117048960983623 ,
  3.1231848841351653 ,
  3.129320807286708 ,
  3.1354567304382504 ],
  y : [-10.061230850587888 ,
    -10.163890423908956 ,
    -10.266422959283473 ,
    -10.368755921450479 ,
    -10.470811839475934 ,
    -10.572508119860517 ,
    -10.673756870592893 ,
    -10.774464739640749 ,
    -10.874532771786374 ,
    -10.973856288135341 ,
    -11.072324793045743 ,
    -11.169821913630196 ,
    -11.26622537735825 ,
    -11.361407033615652 ,
    -11.455232925339239 ,
    -11.547563417018551 ,
    -11.63825338541299 ,
    -11.727152479248739 ,
    -11.814105453905182 ,
    -11.898952586647644 ,
    -11.981530177285473 ,
    -12.061671138208876 ,
    -12.139205676565814 ,
    -12.213962069871695 ,
    -12.285767534599135 ,
    -12.354449185284109 ,
    -12.419835079435362 ,
    -12.48175534108819 ,
    -12.540043353261275 ,
    -12.594537006933681 ,
    -12.64507999155054 ,
    -12.691523109597133 ,
    -12.7337255955676 ,
    -12.771556417815466 ,
    -12.804895540425447 ,
    -12.83363512149537 ,
    -12.857680624151147 ,
    -12.876951817298206 ,
    -12.891383644568508 ,
    -12.90092694214449 ,
    -12.905548989081835 ,
    -12.905233877323148 ,
    -12.899982692670429 ,
    -12.889813502410266 ,
    -12.874761149887153 ,
    -12.854876860908872 ,
    -12.830227671259411 ,
    -12.800895688613657 ,
    -12.766977205644658 ,
    -12.728581683966745 ,
    -12.68583063068466 ,
    -12.638856390674748 ,
    -12.58780087830753 ,
    -12.532814272163552 ,
    -12.474053695462215 ,
    -12.411681903506725 ,
    -12.345865997554938 ,
    -12.27677618227302 ,
    -12.204584581436041 ,
    -12.129464123921224 ,
    -12.051587509400408 ,
    -11.971126260569688 ,
    -11.888249866330352 ,
    -11.803125018114146 ,
    -11.715914939567899 ,
    -11.62677880810171 ,
    -11.535871265372146 ,
    -11.443342012614416 ,
    -11.34933548584463 ,
    -11.253990605305553 ,
    -11.157440593103232 ,
    -11.059812852750571 ,
    -10.961228904269099 ,
    -10.861804368573926 ,
    -10.76164899505219 ,
    -10.660866726517131 ,
    -10.55955579605592 ,
    -10.457808850669357 ,
    -10.355713097008941 ,
    -10.253350464936561 ,
    -10.150797785053616 ,
    -10.0481269767591 ,
    -9.945405243794324 ,
    -9.842695274609273 ,
    -9.740055445238992 ,
    -9.637540022705522 ,
    -9.535199367260592 ,
    -9.433080132056181 ,
    -9.331225459074625 ,
    -9.229675170368393 ,
    -9.12846595385266 ,
    -9.027631543063638 ,
    -8.927202890443489 ,
    -8.827208333840627 ,
    -8.72767375602386 ,
    -8.628622737102281 ,
    -8.530076699821414 ,
    -8.432055047771739 ,
    -8.33457529659979 ,
    -8.237653198355957 ,
    -8.141302859148313 ,
    -8.04553685029913 ,
    -7.950366313221742 ,
    -7.855801058250639 ,
    -7.7618496576680265 ,
    -7.668519533176646 ,
    -7.575817038071499 ,
    -7.483747534363491 ,
    -7.392315465105808 ,
    -7.301524422169921 ,
    -7.211377209712721 ,
    -7.12187590356956 ,
    -7.0330219068005935 ,
    -6.944816001609569 ,
    -6.857258397845644 ,
    -6.7703487782898755 ,
    -6.684086340918945 ,
    -6.598469838329601 ,
    -6.513497614498184 ,
    -6.429167639040736 ,
    -6.345477539130351 ,
    -6.262424629219963 ,
    -6.180005938710486 ,
    -6.098218237696232 ,
    -6.017058060911921 ,
    -5.936521729998238 ,
    -5.856605374195847 ,
    -5.777304949571224 ,
    -5.698616256871164 ,
    -5.620534958096916 ,
    -5.543056591883218 ,
    -5.466176587761997 ,
    -5.389890279385565 ,
    -5.31419291677922 ,
    -5.23907967768877 ,
    -5.164545678084145 ,
    -5.0905859818763455 ,
    -5.017195609901196 ,
    -4.944369548219875 ,
    -4.872102755782875 ,
    -4.800390171501009 ,
    -4.729226720764091 ,
    -4.658607321445339 ,
    -4.588526889426923 ,
    -4.51898034367971 ,
    -4.449962610928128 ,
    -4.381468629928909 ,
    -4.313493355390567 ,
    -4.246031761558732 ,
    -4.1790788454906 ,
    -4.1126296300404315 ,
    -4.046679166576286 ,
    -3.981222537447073 ,
    -3.9162548582174903 ,
    -3.851771279687393 ,
    -3.787766989710946 ,
    -3.724237214829847 ,
    -3.661177221734028 ,
    -3.5985823185622463 ,
    -3.5364478560541937 ,
    -3.474769228564904 ,
    -3.4135418749516013 ,
    -3.352761279342334 ,
    -3.2924229717951743 ,
    -3.232522528856143 ,
    -3.173055574023496 ,
    -3.114017778125389 ,
    -3.055404859617634 ,
    -2.9972125848075706 ,
    -2.9394367680099314 ,
    -2.882073271639908 ,
    -2.8251180062484993 ,
    -2.768566930504712 ,
    -2.7124160511289483 ,
    -2.6566614227816294 ,
    -2.6012991479107272 ,
    -2.5463253765617724 ,
    -2.491736306153516 ,
    -2.4375281812222935 ,
    -2.3836972931378857 ,
    -2.330239979793499 ,
    -2.2771526252722856 ,
    -2.2244316594926623 ,
    -2.1720735578345285 ,
    -2.1200748407483427 ,
    -2.068432073348833 ,
    -2.017141864995099 ,
    -1.9662008688585648 ,
    -1.9156057814803407 ,
    -1.8653533423192443 ,
    -1.8154403332917806 ,
    -1.7658635783052368 ,
    -1.7166199427849291 ,
    -1.6677063331966289 ,
    -1.6191196965650398 ,
    -1.57085701998923 ,
    -1.522915330155745 ,
    -1.475291692850159 ,
    -1.4279832124677068 ,
    -1.3809870315236463 ,
    -1.3343003301638603 ,
    -1.2879203256762575 ,
    -1.2418442720034453 ,
    -1.1960694592570944 ,
    -1.150593213234401 ,
    -1.1054128949370172 ,
    -1.060525900092783 ,
    -1.015929658680548 ,
    -0.9716216344583766 ,
    -0.927599324495384 ,
    -0.8838602587074134 ,
    -0.8404019993967633 ,
    -0.797222140796172 ,
    -0.7543183086171734 ,
    -0.711688159603028 ,
    -0.6693293810862915 ,
    -0.6272396905511937 ,
    -0.5854168352008885 ,
    -0.5438585915296738 ,
    -0.5025627649002486 ,
    -0.4615271891260769 ,
    -0.42074972605888783 ,
    -0.38022826518138164 ,
    -0.3399607232051457 ,
    -0.2999450436738226 ,
    -0.2601791965715352 ,
    -0.22066117793656695 ,
    -0.1813890094803336 ,
    -0.14236073821159678 ,
    -0.1035744360659377 ,
    -0.06502819954046624 ,
    -0.02672014933375206 ,
    0.01135157000906668 ,
    0.04918879044599609 ,
    0.0867933207827914 ,
    0.12416694701243251 ,
    0.1613114326495789 ,
    0.19822851905999236 ,
    0.23491992578498908 ,
    0.27138735086097443 ,
    0.30763247113407965 ,
    0.343656942570018 ,
    0.3794624005590918 ,
    0.4150504602165539 ,
    0.4504227166782361 ,
    0.48558074539159746 ,
    0.5205261024022033 ,
    0.5552603246357003 ,
    0.5897849301753368 ,
    0.6241014185351104 ,
    0.6582112709285726 ,
    0.692115950533365 ,
    0.7258169027515398 ,
    0.7593155554657254 ,
    0.7926133192911938 ,
    0.8257115878238965 ,
    0.8586117378845036 ,
    0.8913151297585427 ,
    0.9238231074326585 ,
    0.9561369988270758 ,
    0.988258116024311 ,
    1.0201877554941934 ,
    1.0519271983152512 ,
    1.0834777103925244 ,
    1.114840542671862 ,
    1.1460169313507333 ,
    1.1770080980856477 ,
    1.207815250196217 ,
    1.2384395808659003 ,
    1.268882269339523 ,
    1.299144481117569 ,
    1.329227368147372 ,
    1.3591320690111621 ,
    1.3888597091111166 ,
    1.4184114008513875 ,
    1.4477882438172152 ,
    1.4769913249511168 ,
    1.5060217187262568 ,
    1.534880487317007 ,
    1.5635686807667624 ,
    1.5920873371530488 ,
    1.62043748274997 ,
    1.6486201321880547 ,
    1.6766362886115131 ,
    1.7044869438329868 ,
    1.7321730784858054 ,
    1.7596956621738082 ,
    1.7870556536187614 ,
    1.8142540008054215 ,
    1.8412916411242783 ,
    1.8681695015120179 ,
    1.8948884985897614 ,
    1.9214495387990749 ,
    1.94785351853584 ,
    1.9741013242819936 ,
    2.0001938327351616 ,
    2.026131910936271 ,
    2.051916416395105 ,
    2.0775481972139045 ,
    2.103028092209006 ,
    2.12835693103056 ,
    2.15353553428038 ,
    2.178564713627926 ,
    2.203445271924469 ,
    2.22817800331548 ,
    2.252763693351253 ,
    2.2772031190957907 ,
    2.3014970492340128 ,
    2.325646244177275 ,
    2.349651456167266 ,
    2.373513429378273 ,
    2.3972329000178823 ,
    2.4208105964261035 ,
    2.4442472391729773 ,
    2.4675435411546656 ,
    2.490700207688072 ,
    2.5137179366040012 ,
    2.5365974183388955 ,
    2.5593393360251593 ,
    2.5819443655801027 ,
    2.6044131757935265 ,
    2.626746428413986 ,
    2.6489447782337066 ,
    2.6710088731722608 ,
    2.692939354358923 ,
    2.714736856213811 ,
    2.7364020065277943 ,
    2.7579354265411875 ,
    2.7793377310212612 ,
    2.800609528338599 ,
    2.821751420542285 ,
    2.8427640034339956 ,
    2.863647866640937 ,
    2.8844035936877437 ,
    2.9050317620672677 ,
    2.9255329433103308 ,
    2.945907703054437 ,
    2.966156601111451 ,
    2.9862801915343065 ,
    3.006279022682688 ,
    3.0261536372877744 ,
    3.045904572516008 ,
    3.0655323600319373 ,
    3.0850375260601286 ,
    3.104420591446169 ,
    3.123682071716787 ,
    3.142822477139075 ,
    3.161842312778868 ,
    3.18074207855825 ,
    3.1995222693122467 ,
    3.218183374844663 ,
    3.2367258799831546 ,
    3.2551502646334507 ,
    3.27345700383284 ,
    3.291646567802845 ,
    3.309719422001166 ,
    3.3276760271728616 ,
    3.3455168394007884 ,
    3.3632423101553433 ,
    3.3808528863434595 ,
    3.398349010356927 ,
    3.4157311201200042 ,
    3.4329996491363604 ,
    3.4501550265353527 ,
    3.4671976771176256 ,
    3.484128021400092 ,
    3.500946475660248 ,
    3.517653451979874 ,
    3.5342493582881107 ,
    3.550734598403941 ,
    3.5671095720780444 ,
    3.583374675034091 ,
    3.5995302990094395 ,
    3.6155768317952535 ,
    3.631514657276079 ,
    3.6473441554688373 ,
    3.6630657025613096 ,
    3.6786796709500313 ,
    3.694186429277711 ,
    3.7095863424700797 ,
    3.724879771772269 ,
    3.740067074784637 ,
    3.7551486054981433 ,
    3.7701247143291883 ,
    3.784995748153998 ,
    3.7997620503425193 ,
    3.8144239607918484 ,
    3.8289818159591893 ,
    3.8434359488943706 ,
    3.8577866892719 ,
    3.872034363422575 ,
    3.886179294364668 ,
    3.9002218018346686 ,
    3.914162202317618 ,
    3.9280008090769996 ,
    3.9417379321842487 ,
    3.955373878547832 ,
    3.9689089519419367 ,
    3.9823434530347734 ,
    3.995677679416464 ,
    4.0089119256265855 ,
    4.022046483181294 ,
    4.035081640600107 ,
    4.048017683432309 ,
    4.060854894282987 ,
    4.073593552838716 ,
    4.086233935892904 ,
    4.098776317370763 ,
    4.111220968353953 ,
    4.1235681571049065 ,
    4.135818149090776 ,
    4.147971207007096 ,
    4.160027590801094 ,
    4.171987557694702 ,
    4.183851362207227 ,
    4.195619256177739 ,
    4.207291488787128 ,
    4.21886830657988 ,
    4.2303499534855336 ,
    4.241736670839862 ,
    4.253028697405739 ,
    4.264226269393752 ,
    4.275329620482495 ,
    4.286338981838615 ,
    4.29725458213656 ,
    4.308076647578062 ,
    4.318805401911355 ,
    4.329441066450127 ,
    4.339983860092199 ,
    4.350433999337969 ,
    4.36079169830857 ,
    4.371057168763804 ,
    4.381230620119813 ,
    4.391312259466505 ,
    4.4013022915847415 ,
    4.411200918963286 ,
    4.421008341815508 ,
    4.430724758095864 ,
    4.4403503635161385 ,
    4.449885351561466 ,
    4.4593299135061235 ,
    4.46868423842909 ,
    4.47794851322941 ,
    4.487122922641321 ,
    4.496207649249167 ,
    4.505202873502114 ,
    4.514108773728643 ,
    4.52292552615083 ,
    4.531653304898455 ,
    4.540292282022858 ,
    4.548842627510642 ,
    4.55730450929715 ,
    4.565678093279754 ,
    4.573963543330956 ,
    4.582161021311297 ,
    4.590270687082065 ,
    4.598292698517833 ,
    4.606227211518804 ,
    4.614074380022968 ,
    4.621834356018101 ,
    4.629507289553543 ,
    4.637093328751854 ,
    4.644592619820247 ,
    4.652005307061874 ,
    4.659331532886933 ,
    4.66657143782361 ,
    4.673725160528848 ,
    4.680792837798953 ,
    4.687774604580034 ,
    4.694670593978282 ,
    4.701480937270095 ,
    4.708205763912027 ,
    4.7148452015505935 ,
    4.721399376031915 ,
    4.727868411411209 ,
    4.734252429962132 ,
    4.740551552185954 ,
    4.7467658968206 ,
    4.75289558084954 ,
    4.758940719510524 ,
    4.764901426304176 ,
    4.770777813002443 ,
    4.7765699896569 ,
    4.782278064606913 ,
    4.7879021444876635 ,
    4.793442334238031 ,
    4.79889873710833 ,
    4.804271454667926 ,
    4.80956058681271 ,
    4.814766231772415 ,
    4.819888486117845 ,
    4.824927444767929 ,
    4.829883200996654 ,
    4.834755846439887 ,
    4.839545471102056 ,
    4.8442521633626745 ,
    4.848876009982792 ,
    4.853417096111274 ,
    4.857875505290975 ,
    4.862251319464793 ,
    4.866544618981575 ,
    4.8707554826019255 ,
    4.874883987503886 ,
    4.87893020928849 ,
    4.882894221985189 ,
    4.8867760980571795 ,
    4.890575908406591 ,
    4.89429372237958 ,
    4.897929607771275 ,
    4.901483630830629 ,
    4.904955856265158 ,
    4.908346347245536 ],

  mode: 'lines'
}]